# number of receivers
595
# name (9 chars), lat, lon, "1/weight" (unused in cSEM)
_GSN._AAK   42.639   74.494 0.00
ANSS._AAM   42.301  -83.657 0.00
KAZA.ABKA   49.256   59.943 0.00
_GSN.ABKT   37.930   58.119 0.00
_GSN.ABPO  -19.018   47.229 0.00
_GSN._ADK   51.884 -176.684 0.00
Free._ADM   37.905  138.430 0.00
_GSN._AFI  -13.909 -171.777 0.00
MEDN._AIO   37.971   15.233 0.00
GEOS._AIS  -37.797   77.569 0.00
KAZA.AKTO   50.435   58.016 0.00
Cana.AKVQ   60.808  -78.191 0.00
_GSN._ALE   82.503  -62.350 0.00
Free._AMM   28.157  129.300 0.00
ANSS.AMTX   34.884 -101.681 0.00
SISM._ANA  -17.356 -145.509 0.00
GLIS.ANGG   65.616  -37.637 0.00
_GSN.ANMO   34.946 -106.457 0.00
_GSN.ANTO   39.868   32.793 0.00
_GSN.ANWB   17.669  -61.786 0.00
GEOF._APE   37.069   25.531 0.00
GEOF.APEZ   34.978   24.886 0.00
MEDN._AQU   42.354   13.405 0.00
_NOA._ARG   36.216   28.126 0.00
Aust.ARMA  -30.420  151.628 0.00
_GSN._ARU   56.430   58.562 0.00
Cana.ARVN   61.098  -94.070 0.00
Seis.AS31  -23.666  133.904 0.00
_GSN.ASCN   -7.933  -14.360 0.00
IRIS.ASCN   -7.933  -14.360 0.00
GEOS._ATD   11.530   42.847 0.00
Ocea._BAG   16.411  120.580 0.00
TERR._BAK   35.344 -119.104 0.00
__CI._BAR   32.680 -116.672 0.00
Calt._BAR   32.680 -116.672 0.00
Cana._BBB   52.185 -128.113 0.00
Aust.BBOO  -32.810  136.058 0.00
_GSN.BBSR   32.371  -64.696 0.00
_GSN.BCIP    9.167  -79.837 0.00
Glob.BDFB  -15.642  -48.015 0.00
_GTS.BDFB  -15.642  -48.015 0.00
_GSN._BFO   48.332    8.331 0.00
Glob.BGCA    5.176   18.424 0.00
_GTS.BGCA    5.176   18.424 0.00
GEOF.BGIO   31.722   35.088 0.00
_GSN.BILL   68.065  166.452 0.00
IRIS._BJT   40.018  116.168 0.00
_NCD._BJT   40.018  116.168 0.00
GEOF._BKB   -1.107  116.905 0.00
ANSS._BLA   37.211  -80.421 0.00
Cana.BMBC   56.045 -122.131 0.00
GEOF.BNDI   -4.522  129.904 0.00
GEOS._BNG    4.435   18.547 0.00
MEDN._BNI   45.052    6.678 0.00
GEOF._BOA   12.449  -85.666 0.00
_GSN.BOCO    4.617  -74.117 0.00
_GSN.BORG   64.747  -21.327 0.00
IRIS.BORG   64.747  -21.327 0.00
Glob.BOSA  -28.614   25.256 0.00
_GTS.BOSA  -28.614   25.256 0.00
_GSN.BRVK   53.058   70.283 0.00
Dani._BSD   55.114   14.915 0.00
_GSN.BTDF    1.361  103.773 0.00
Cana.BULN   66.397  -93.125 0.00
ANSS.BW06   42.767 -109.558 0.00
Broa._BZK   41.960   34.004 0.00
_CTS._CAD   31.000   97.500 0.00
Calt.CALB   34.143 -118.627 0.00
GEOS._CAN  -35.321  148.999 0.00
GEOF.CART   37.587   -1.001 0.00
_GSN.CASY  -66.279  110.536 0.00
ANSS.CBKS   38.814  -99.737 0.00
ANSS._CBN   38.205  -77.373 0.00
_GSN._CCM   38.056  -91.245 0.00
Chin._CD2   30.910  103.758 0.00
MEDN._CEL   38.260   15.894 0.00
TERR._CHF   34.333 -118.026 0.00
_GSN.CHTO   18.790   98.977 0.00
TERR._CIA   33.402 -118.415 0.00
MEDN._CII   41.723   14.305 0.00
GEOF.CISI   -7.556  107.815 0.00
POLE.CLRK  -77.323 -141.848 0.00
Cana.CLRN   70.474  -68.587 0.00
MEDN.CLTB   37.578   13.216 0.00
Pass.CLUN   57.154   -5.212 0.00
Berk._CMB   38.035 -120.385 0.00
_BDS._CMB   38.035 -120.385 0.00
BDSN._CMB   38.035 -120.387 0.00
Cana.CMBN   65.686  -64.448 0.00
_GSN.CMLA   37.764  -25.524 0.00
Aust.CMSA  -31.538  145.692 0.00
ANSS.CNNC   35.239  -77.890 0.00
_GSN.COCO  -12.190   96.835 0.00
Aust.COEN  -13.956  143.176 0.00
_GSN._COL   64.900 -147.793 0.00
_GSN.COLA   64.874 -147.851 0.00
_GSN._COR   44.586 -123.303 0.00
IRIS._COR   44.586 -123.303 0.00
GEOS.COYC  -45.573  -72.081 0.00
Glob.CPUP  -26.331  -57.331 0.00
_GTS.CPUP  -26.331  -57.331 0.00
West.CRAG   55.469 -133.123 0.00
GEOS.CRZF  -46.430   51.861 0.00
GEOF._CSS   34.961   33.331 0.00
_GSN.CTAO  -20.088  146.255 0.00
MEDN._CUC   39.993   15.815 0.00
Calt._CWC   36.440 -118.080 0.00
TERR._CWC   36.440 -118.080 0.00
GEOF._DAG   76.771  -18.655 0.00
GEOF.DAMY   14.573   44.392 0.00
TERR._DAN   34.637 -115.381 0.00
_GSN._DAV    7.070  125.579 0.00
Cana.DAWY   64.065 -139.391 0.00
GLIS._DBG   74.307  -20.219 0.00
Glob.DBIC    6.670   -4.857 0.00
_GTS.DBIC    6.670   -4.857 0.00
_GSN.DGAR   -7.412   72.452 0.00
ANSS.DGMT   48.470 -104.196 0.00
Calt._DGR   33.650 -117.009 0.00
TERR._DGR   33.650 -117.009 0.00
Cana.DHRN   67.033 -119.509 0.00
MEDN.DIVS   44.098   19.992 0.00
TERR._DJJ   34.106 -118.454 0.00
Chin._DL2   38.906  121.628 0.00
_GSN._DPC   50.358   16.411 0.00
Czec._DPC   50.358   16.411 0.00
Cana.DRLN   49.256  -57.504 0.00
GEOS._DRV  -66.665  140.002 0.00
GEOF._DSB   53.245   -6.376 0.00
POLE.DUFK  -82.862  -53.201 0.00
ANSS._DUG   40.195 -112.813 0.00
_GSN.DWPF   28.110  -81.433 0.00
GEOS._ECH   48.216    7.158 0.00
ANSS.ECSD   43.734  -96.614 0.00
_GSN._EFI  -51.675  -58.064 0.00
ANSS.EGMT   48.024 -109.755 0.00
Aust.EIDS  -25.369  151.082 0.00
GEOF._EIL   29.670   34.951 0.00
_CDS._ENH   30.272  109.487 0.00
_NCD._ENH   30.272  109.487 0.00
_GSN._ERM   42.015  143.157 0.00
IRIS._ERM   42.015  143.157 0.00
_GSN._ESK   55.317   -3.205 0.00
IRIS._ESK   55.317   -3.205 0.00
Cana.EUNU   80.053  -86.416 0.00
ANSS.EYMN   47.946  -91.495 0.00
GEOF.FAKI   -2.919  132.249 0.00
Cana._FCC   58.762  -94.087 0.00
GEOS._FDF   14.735  -61.143 0.00
_GSN._FFC   54.725 -101.978 0.00
Alas._FIB   61.166 -150.175 0.00
Aust.FITZ  -18.102  125.639 0.00
Cana.FNBB   58.890 -123.010 0.00
GEOF.FODE   35.380   24.958 0.00
GEOS.FOMA  -24.976   46.979 0.00
Aust.FORT  -30.779  128.059 0.00
Cana._FRB   63.747  -68.545 0.00
_GSN.FUNA   -8.526  179.197 0.00
_GSN.FURI    8.903   38.688 0.00
Alas.GAMB   63.777 -171.701 0.00
GEOF.GENI   -2.593  140.168 0.00
GEOF.GHAR   32.122   13.089 0.00
Aust.GIRL  -22.643  114.234 0.00
__CI._GLA   33.051 -114.827 0.00
Calt._GLA   33.052 -114.827 0.00
_GSN._GNI   40.148   44.741 0.00
Chil.GO05  -35.010  -71.930 0.00
Chil.GO09  -51.271  -72.338 0.00
Chil.GO10  -53.155  -71.050 0.00
ANSS.GOGA   33.411  -83.467 0.00
Chin._GOM   36.198   94.814 0.00
Calt._GPO   35.649 -117.662 0.00
GEOS._GRC   47.296    3.074 0.00
_GSN.GRFO   49.692   11.222 0.00
_GSN.GRGR   12.132  -61.654 0.00
Sout._GRM  -33.313   26.573 0.00
_GSN.GRTK   21.511  -71.133 0.00
__CI._GSC   35.302 -116.806 0.00
Calt._GSC   35.303 -116.808 0.00
Chin._GTA   39.400   99.817 0.00
_GSN.GTBY   19.927  -75.111 0.00
ARCT._GTM   65.401 -161.278 0.00
_GSN.GUMO   13.589  144.868 0.00
GEOF._GVD   34.839   24.087 0.00
Chin._GYA   26.460  106.664 0.00
Chin._GZH   23.653  113.652 0.00
Ocea._H2O   27.882 -141.992 0.00
GEOF.HALK    6.089   80.680 0.00
SISM._HAO  -18.063 -140.962 0.00
GEOS._HDC   10.000  -84.112 0.00
Chin._HEH   50.253  127.410 0.00
Chin._HHC   40.850  111.564 0.00
IRIS._HIA   49.267  119.742 0.00
_NCD._HIA   49.267  119.742 0.00
Cana.HILA   58.556 -117.020 0.00
SISM._HIV   -9.765 -139.007 0.00
_New._HIZ  -38.515  174.856 0.00
Hong.HKPS   22.278  114.142 0.00
_GSN._HKT   29.962  -95.838 0.00
GEOF._HLG   54.185    7.884 0.00
ANSS.HLID   43.562 -114.414 0.00
GEOF.HMDM    6.773   73.182 0.00
_GSN._HNR   -9.432  159.947 0.00
_GSN.HOPE  -54.284  -36.488 0.00
POLE.HOWD  -77.529  -86.769 0.00
_GSN._HRV   42.506  -71.558 0.00
Harv._HRV   42.506  -71.558 0.00
Aust._HTT  -33.431  138.922 0.00
GEOS._HYB   17.417   78.553 0.00
GEOF.IBBN   52.307    7.757 0.00
Cana._ICQ   49.522  -67.272 0.00
MEDN._IDI   35.288   24.890 0.00
Free._IGK   24.413  124.181 0.00
Cana.ILON   69.371  -81.824 0.00
Dani.ILUL   69.212  -51.105 0.00
_GSN.INCN   37.483  126.633 0.00
Cana._INK   68.307 -133.525 0.00
GEOS._INU   35.350  137.029 0.00
Cana.INUQ   58.451  -78.119 0.00
__CI._ISA   35.663 -118.474 0.00
Calt._ISA   35.663 -118.473 0.00
ANSS.ISCO   39.800 -105.613 0.00
Pass.ISDE  -80.000 -134.993 0.00
GEOF._ISP   37.843   30.509 0.00
_NOA._ITM   37.179   21.925 0.00
GEOS._IVI   61.206  -48.171 0.00
Cana.IVKQ   62.418  -77.911 0.00
Berk._JCC   40.817 -124.030 0.00
TERR._JCS   33.086 -116.596 0.00
ANSS._JCT   30.479  -99.802 0.00
GEOF._JER   31.772   35.197 0.00
Cana.JERN   66.019 -111.467 0.00
ANSS.JFWS   42.914  -90.248 0.00
_GSN.JOHN   16.733 -169.529 0.00
_GSN._JTS   10.291  -84.952 0.00
GEOF.KAAM    0.493   72.995 0.00
_GSN.KAPI   -5.014  119.752 0.00
Cana.KAPO   49.450  -82.508 0.00
_GSN._KBS   78.926   11.942 0.00
GEOF._KBS   78.926   11.942 0.00
GEOF._KBU   34.515   69.135 0.00
_GSN.KDAK   57.783 -152.583 0.00
_GSN._KEV   69.755   27.007 0.00
_New._KHZ  -42.416  173.539 0.00
_GSN.KIEV   50.694   29.208 0.00
_GSN._KIP   21.423 -158.015 0.00
GEOS._KIP   21.423 -158.015 0.00
_GSN._KIV   43.955   42.686 0.00
KAZA.KKAR   43.103   70.511 0.00
Mala._KKM    6.044  116.215 0.00
Aust.KMBL  -31.367  121.882 0.00
Perm.KMBO   -1.127   37.252 0.00
_GSN.KMBO   -1.127   37.252 0.00
GEOF.KMBO   -1.127   37.252 0.00
_CDS._KMI   25.123  102.740 0.00
IRIS._KMI   25.123  102.740 0.00
_NCD._KMI   25.123  102.740 0.00
Free._KMT   33.678  135.490 0.00
_GSN.KNTN   -2.774 -171.719 0.00
GEOS._KOG    5.207  -52.732 0.00
_GSN.KONO   59.649    9.598 0.00
_GSN.KOWA   14.497   -4.014 0.00
GEOF.KRIS   35.178   25.503 0.00
GEOF.KSDI   33.192   35.659 0.00
_CTS._KSH   39.517   75.923 0.00
Mala._KSM    1.473  110.308 0.00
ANSS.KSU1   39.101  -96.609 0.00
Dani.KULL   74.580  -57.220 0.00
Mala._KUM    5.290  100.649 0.00
_GSN.KURK   50.715   78.620 0.00
_GSN.KWAJ    8.802  167.613 0.00
GEOF._KWP   49.631   22.708 0.00
Free._KYK   30.378  130.410 0.00
GEOF.LAST   35.161   25.479 0.00
Glob.LBTB  -25.015   25.597 0.00
_GTS.LBTB  -25.015   25.597 0.00
_GSN._LCO  -29.011  -70.701 0.00
Mala._LDM    5.178  118.498 0.00
TERR._LGU   34.108 -119.066 0.00
Aust._LHI  -31.520  159.061 0.00
GEOF.LHMI    5.229   96.947 0.00
Cana.LLLB   50.609 -121.882 0.00
Cana._LMN   45.852  -64.806 0.00
Cana._LMQ   47.549  -70.326 0.00
GEOF.LODK    3.422   35.362 0.00
Glob.LPAZ  -16.288  -68.131 0.00
_GTS.LPAZ  -16.288  -68.131 0.00
ANSS.LRAL   33.035  -86.998 0.00
__GB._LRW   60.136   -1.178 0.00
IRIS._LSA   29.700   91.150 0.00
_NCD._LSA   29.700   91.150 0.00
_GSN._LSZ  -15.278   28.188 0.00
ANSS._LTX   29.334 -103.667 0.00
GEOF.LUWI   -1.042  122.772 0.00
_GSN._LVC  -22.613  -68.911 0.00
GEOF._LVC  -22.618  -68.911 0.00
_GSN._LVZ   67.898   34.651 0.00
Chin._LYN   34.550  112.470 0.00
_CDS._LZH   36.087  103.844 0.00
_GSN._MA2   59.576  150.770 0.00
GEOF.MAHO   39.896    4.266 0.00
IRIS.MAJO   36.542  138.207 0.00
_GSN.MAKZ   46.808   81.977 0.00
GEOF.MALT   38.313   38.427 0.00
Aust.MANU   -2.043  147.366 0.00
SISM._MAT  -14.870 -148.712 0.00
GEOF.MAUI   20.767 -156.245 0.00
Afri.MAUS   -2.741   36.704 0.00
Aust._MAW  -67.604   62.871 0.00
_GSN.MBAR   -0.602   30.738 0.00
GEOS._MBO   14.391  -16.955 0.00
_GSN.MBWA  -21.159  119.731 0.00
Aust._MCQ  -54.499  158.956 0.00
Ocea.MCSJ   24.290  153.978 0.00
_CDS._MDJ   44.616  129.592 0.00
_NCD._MDJ   44.616  129.592 0.00
POLE.MECK  -75.281  -72.185 0.00
Cana.MEDA   49.981 -110.742 0.00
Aust.MEEK  -26.638  118.614 0.00
GEOF.MELI   35.290   -2.939 0.00
GEOF._MHV   54.959   37.766 0.00
ANSS.MIAR   34.545  -93.576 0.00
West._MID   59.428 -146.339 0.00
_GSN.MIDW   28.216 -177.370 0.00
POLE.MILR  -83.306  156.252 0.00
__CI.MLAC   37.630 -118.836 0.00
Calt.MLAC   37.631 -118.834 0.00
GEOF._MLR   45.491   25.946 0.00
GEOF.MMRI   -8.636  122.238 0.00
GEOF.MNAI   -4.360  102.956 0.00
Plat.MNMC  -19.131  -69.596 0.00
ANSS.MNTX   31.698 -105.382 0.00
GEOF.MORC   49.777   17.543 0.00
GEOS._MPG    5.110  -52.644 0.00
TERR._MPM   36.058 -117.489 0.00
GEOF.MRNI   33.118   35.392 0.00
CAIG.MRZ1   42.225   79.860 0.00
_GSN.MSEY   -4.674   55.479 0.00
_GSN.MSKU   -1.656   13.612 0.00
ANSS._MSO   46.829 -113.941 0.00
_GSN.MSVF  -17.733  178.050 0.00
IRIS.MSVF  -17.733  178.050 0.00
_GSN.MTDJ   18.226  -77.535 0.00
GEOF._MTE   40.400   -7.544 0.00
Aust._MTN  -12.844  131.133 0.00
Inst.MTOR   28.495   -9.849 0.00
Esto.MTSE   58.714   23.815 0.00
ANSS.MVCO   37.210 -108.499 0.00
TERR._MWC   34.224 -118.053 0.00
Pass.N124  -82.074  107.643 0.00
Pass.N132  -82.075  101.956 0.00
_GSN._NAI   -1.274   36.804 0.00
_CTS._NAQ   32.250   92.250 0.00
Calt._NEE   34.823 -114.596 0.00
ANSS._NEW   48.264 -117.123 0.00
Aust._NFK  -29.043  167.939 0.00
_GSN._NIL   33.651   73.269 0.00
IRIS._NIL   33.650   73.251 0.00
Aust.NIUE  -19.076 -169.927 0.00
Chin._NJ2   32.052  118.854 0.00
ANSS.NLWA   47.392 -123.869 0.00
Free._NMR   43.367  145.738 0.00
_GSN._NNA  -11.988  -76.842 0.00
IRIS._NNA  -11.988  -76.842 0.00
GLIS._NOR   81.605  -16.661 0.00
GEOS.NOUC  -22.101  166.303 0.00
_GSN.NRIL   69.505   88.441 0.00
GLIS._NRS   61.160  -45.419 0.00
Free._NSK   34.340  132.002 0.00
GLIS.NUUK   64.184  -51.668 0.00
_GSN.NWAO  -32.927  117.233 0.00
_GSN._OBN   55.114   36.569 0.00
ANSS.OGNE   40.945 -102.033 0.00
Free._ONS   36.156  138.982 0.00
__CI._OSI   34.614 -118.724 0.00
Calt._OSI   34.614 -118.724 0.00
Free._OSW   27.098  142.196 0.00
_GSN.OTAV    0.238  -78.451 0.00
Nort._OUL   65.085   25.896 0.00
_New._OUZ  -35.222  173.596 0.00
ANSS._OXF   34.512  -89.409 0.00
AGAP.P061  -84.500   77.224 0.00
_GSN._PAB   39.546   -4.348 0.00
GEOS._PAF  -49.351   70.213 0.00
_GSN.PALK    7.273   80.702 0.00
Pass._PAN   59.095  159.968 0.00
_GSN._PAS   34.148 -118.172 0.00
Calt._PAS   34.148 -118.172 0.00
Ocea.PATS    6.837  158.315 0.00
_GSN.PAYG   -0.674  -90.286 0.00
Plat.PB04  -22.334  -70.149 0.00
Plat.PB14  -24.625  -70.404 0.00
POLE.PECA  -85.612  -68.553 0.00
GEOS._PEL  -33.146  -70.675 0.00
_GSN._PET   53.023  158.650 0.00
_GSN._PFO   33.609 -116.455 0.00
Calt._PFO   33.609 -116.455 0.00
TERR._PHL   35.408 -120.546 0.00
ANSS.PKME   45.264  -69.292 0.00
GEOF.PLAI   -8.828  117.776 0.00
Glob.PLCA  -40.733  -70.551 0.00
_GTS.PLCA  -40.733  -70.551 0.00
TERR._PLM   33.354 -116.863 0.00
GEOF.PMBI   -2.902  104.699 0.00
_GSN._PMG   -9.409  147.154 0.00
GEOF._PMG   -9.409  147.154 0.00
Port.PMOZ   32.794  -17.114 0.00
West._PMR   61.592 -149.131 0.00
_GSN.PMSA  -64.774  -64.049 0.00
_GSN.POHA   19.757 -155.533 0.00
GEOS._PPT  -17.569 -149.576 0.00
ARCT._PRB   70.204 -148.446 0.00
Ocea._PSI    2.694   98.924 0.00
GEOF._PSZ   47.918   19.894 0.00
_GSN.PTCN  -25.071 -130.095 0.00
_GSN.PTGA   -0.731  -59.967 0.00
GEOF._PUL   59.767   30.317 0.00
GEOS._PVC  -17.740  168.312 0.00
Aust._QIS  -20.558  139.605 0.00
_CDS._QIZ   19.029  109.843 0.00
_NCD._QIZ   19.029  109.843 0.00
Aust._QLP  -26.584  144.237 0.00
_GSN.QSPA  -89.928  145.000 0.00
Aust.RABL   -4.191  152.164 0.00
SISM._RAI  -23.868 -147.353 0.00
_GSN.RAIO   46.040 -122.885 0.00
SISM._RAP  -27.618 -144.335 0.00
_GSN._RAR  -21.212 -159.773 0.00
_GSN.RAYN   23.522   45.503 0.00
_GSN.RCBR   -5.827  -35.901 0.00
SISM._REA  -18.464 -136.444 0.00
GEOS._RER  -21.159   55.746 0.00
Cana._RES   74.689  -94.896 0.00
GEOF._RGN   54.548   13.321 0.00
GEOF.RIOB  -10.150  -67.747 0.00
Sout.RIS1  -78.128 -178.497 0.00
GEOS.RODM  -19.696   63.441 0.00
_GSN._RPN  -27.127 -109.334 0.00
Calt._RPV   33.744 -118.404 0.00
_New._RPZ  -43.716  171.054 0.00
Broa.RSDY   40.397   37.327 0.00
_GSN.RSSD   44.120 -104.036 0.00
MEDN._RTC   33.988   -6.857 0.00
GEOF._RUE   52.476   13.780 0.00
_GSN.SACV   14.970  -23.608 0.00
Cana.SADO   44.769  -79.142 0.00
_GSN.SAML   -8.949  -63.183 0.00
GEOF.SANT   36.371   25.459 0.00
GEOS.SANV  -15.447  167.203 0.00
GEOF.SAUI   -7.983  131.299 0.00
_GSN._SBA  -77.849  166.757 0.00
Glob._SBA  -77.849  166.757 0.00
_GTS._SBA  -77.849  166.757 0.00
Calt._SBC   34.442 -119.713 0.00
TERR._SBC   34.441 -119.715 0.00
GEOF._SBV  -13.458   49.921 0.00
Cana.SCHQ   54.832  -66.833 0.00
GLIS._SCO   70.483  -21.950 0.00
GEOS._SCZ   36.598 -121.403 0.00
TERR._SDD   33.553 -117.662 0.00
_GSN.SDDR   18.982  -71.288 0.00
West.SDPT   55.349 -160.477 0.00
_GSN._SDV    8.884  -70.634 0.00
Cana.SEDN   63.250  -91.208 0.00
GEOF.SELV   37.238   -3.728 0.00
GEOS._SEY   62.933  152.373 0.00
_GSN._SFJ   66.997  -50.616 0.00
GEOF._SFJ   66.997  -50.616 0.00
_GSN.SFJD   66.996  -50.621 0.00
GEOF._SFS   36.466   -6.206 0.00
GEOF.SFUC   36.637   -6.175 0.00
_GSN.SHEL  -15.959   -5.746 0.00
POLE.SILY  -77.133 -125.966 0.00
POLE.SIPL  -81.641 -148.956 0.00
_GSN._SJG   18.112  -66.150 0.00
West.SKAG   59.460 -135.329 0.00
GEOF._SKD   35.412   23.928 0.00
TERR._SLA   35.891 -117.283 0.00
_GSN.SLBS   23.686 -109.944 0.00
Cana.SLEB   51.167 -118.133 0.00
Cana.SMLN   68.594  -91.936 0.00
Cana.SMPN   68.211 -126.654 0.00
Calt.SMTC   32.949 -115.720 0.00
West._SMY   52.731  174.103 0.00
GEOF.SNAA  -71.671   -2.838 0.00
__CI.SNCC   33.248 -119.524 0.00
Calt.SNCC   33.248 -119.524 0.00
Cana.SNKN   56.536  -79.232 0.00
Chin._SNY   41.828  123.578 0.00
_GSN.SNZO  -41.310  174.705 0.00
GEOF.SOCY   12.520   53.987 0.00
GEOF.SOEI   -9.755  124.267 0.00
_GSN._SPA  -90.000    0.000 0.00
GEOS._SPB  -23.592  -47.432 0.00
Alas.SPIA   57.178 -170.245 0.00
GEOS._SSB   45.279    4.542 0.00
GEOS.SSB2   45.279    4.542 0.00
GEOS.SSB3   45.279    4.542 0.00
_CDS._SSE   31.096  121.187 0.00
IRIS._SSE   31.095  121.186 0.00
_NCD._SSE   31.095  121.186 0.00
_GSN.SSPA   40.640  -77.891 0.00
Aust.STKA  -31.877  141.595 0.00
GEOF._STU   48.772    9.195 0.00
GEOF.SUMG   72.576  -38.454 0.00
_GSN._SUR  -32.380   20.812 0.00
GEOF._SUW   54.013   23.181 0.00
Calt._SVD   34.104 -117.097 0.00
TERR._SVD   34.106 -117.098 0.00
Ocea._SYO  -69.007   39.585 0.00
SISM._TAK  -14.474 -145.037 0.00
GEOS._TAM   22.791    5.527 0.00
_GSN.TARA    1.355  172.923 0.00
Tuni.TATN   32.579   10.529 0.00
_GSN.TATO   24.975  121.488 0.00
_GSN._TAU  -42.910  147.320 0.00
_GSN._TBT   28.679  -17.914 0.00
_GSN.TEIG   20.226  -88.277 0.00
Tuni.THTN   35.562    8.688 0.00
Chin._TIA   36.210  117.124 0.00
TERR._TIN   37.054 -118.230 0.00
MEDN._TIP   39.179   16.758 0.00
MEDN._TIR   41.347   19.863 0.00
GEOF.TIRR   44.458   28.413 0.00
_GSN.TIXI   71.649  128.867 0.00
Pass._TKI   60.446  166.149 0.00
_GSN._TLY   51.681  103.644 0.00
_CTS._TNC   25.029   98.520 0.00
GEOF.TNTI    0.772  127.367 0.00
Aust._TOO  -37.571  145.491 0.00
TERR._TOV   34.156 -118.819 0.00
MEDN._TRI   45.709   13.764 0.00
GEOS.TRIS  -37.068  -12.315 0.00
__MC.TRNT   16.764  -62.163 0.00
_GSN.TRQA  -38.057  -61.979 0.00
GEOF.TRTE   58.379   26.721 0.00
_GSN.TSUM  -19.202   17.584 0.00
_GSN._TUC   32.310 -110.785 0.00
MEDN._TUE   46.472    9.347 0.00
GLIS.TULE   76.537  -68.824 0.00
GEOF._UGM   -7.912  110.523 0.00
Cana._ULM   50.250  -95.875 0.00
_GSN._ULN   47.865  107.053 0.00
GEOS._UNM   19.329  -99.178 0.00
_GSN.UOSS   24.945   56.204 0.00
__CI._USC   34.019 -118.286 0.00
Calt._USC   34.021 -118.287 0.00
MEDN._VAE   37.469   14.353 0.00
Iris._VAL   51.939  -10.244 0.00
Broa.VANB   38.595   43.389 0.00
ANSS.VBMS   32.219  -90.518 0.00
TERR._VCS   34.484 -118.112 0.00
MEDN._VLC   44.159   10.386 0.00
Cana.VLDQ   48.190  -77.757 0.00
_AWI.VNA1  -70.690   -8.276 0.00
_AWI.VNA3  -71.242   -9.666 0.00
Glob.VNDA  -77.517  161.853 0.00
_GTS.VNDA  -77.517  161.853 0.00
GEOF._VOI  -22.026   46.706 0.00
MEDN._VSL   39.496    9.378 0.00
GEOF._VSU   58.462   26.735 0.00
MEDN._VTS   42.618   23.235 0.00
__CI._VTV   34.561 -117.330 0.00
Calt._VTV   34.567 -117.333 0.00
POLE.WAIS  -79.418 -111.778 0.00
_GSN.WAKE   19.283  166.654 0.00
Cana.WAPA   55.183 -119.254 0.00
_GSN._WCI   38.229  -86.294 0.00
MEDN._WDD   35.867   14.523 0.00
Cana.WEMQ   53.054  -77.974 0.00
Cana.WHFN   62.559 -107.087 0.00
Chin._WHN   30.543  114.354 0.00
Cana._WHY   60.660 -134.881 0.00
POLE.WILS  -80.040  -80.559 0.00
Afri._WIN  -22.567   17.100 0.00
GEOF._WLF   49.665    6.153 0.00
ANSS.WMOK   34.738  -98.781 0.00
_CDS._WMQ   43.821   87.695 0.00
IRIS._WMQ   43.821   87.695 0.00
_NCD._WMQ   43.821   87.695 0.00
_GSN.WRAB  -19.934  134.360 0.00
Aust.WRKA  -25.038  128.296 0.00
GEOS._WUS   41.199   79.218 0.00
_GSN._WVT   36.130  -87.830 0.00
IRIS._XAN   34.039  108.921 0.00
_NCD._XAN   34.031  108.924 0.00
Chin._XLT   43.900  116.079 0.00
_GSN.XMAS    2.045 -157.445 0.00
Aust.XMIS  -10.481  105.652 0.00
_GSN._YAK   62.031  129.681 0.00
Cana.YBKN   64.318  -96.003 0.00
Cana.YKW3   62.562 -114.610 0.00
_GSN._YSS   46.958  142.761 0.00
GEOF._ZKR   35.115   26.217 0.00
Free._ZMM   26.233  127.304 0.00
